1	1	1	1	2018-11-27	7	-7	False
2	1	7	0	2019-03-28	3	9	False
3	1	7	0	2019-03-28	9	3	False
4	1	10	0	2019-03-28	0	12	False
5	1	10	0	2019-03-28	1	11	False
6	1	11	1	2019-03-28	0	0	True
7	1	11	2	2019-03-28	0	27	False
8	1	11	0	2019-03-28	0	12	False
9	1	11	0	2019-03-28	0	12	False
10	1	11	0	2019-03-28	0	12	False
11	1	11	0	2019-03-28	0	12	False
12	1	61	1	2019-03-29	0	18	False
13	1	11	0	2019-03-29	0	12	False
14	1	11	0	2019-03-29	0	12	False
15	1	11	0	2019-03-29	0	12	False
16	1	11	0	2019-03-29	0	12	False
17	1	11	1	2019-03-29	0	18	False
18	1	11	0	2019-03-29	0	12	False
19	1	11	0	2019-04-01	0	12	False
20	1	11	0	2019-04-01	0	12	False
21	1	11	0	2019-04-01	2	10	False
22	1	11	0	2019-04-01	0	12	False
23	1	11	0	2019-04-01	5	7	False
24	1	11	1	2019-04-02	0	18	False
25	1	11	2	2019-04-02	0	27	False
26	1	11	0	2019-04-02	0	12	False
27	1	11	0	2019-04-02	0	12	False
28	1	11	0	2019-04-02	0	12	False
29	1	11	0	2019-04-03	0	12	False
30	1	11	0	2019-04-03	0	12	False
31	1	11	0	2019-04-03	0	12	False
32	1	11	0	2019-04-03	0	12	False
33	1	11	0	2019-04-03	2	10	False
34	1	11	0	2019-04-03	3	9	False
35	1	11	0	2019-04-04	1	11	False
36	1	11	0	2019-04-04	2	10	False
37	1	11	0	2019-04-04	2	10	False
38	1	11	0	2019-04-04	0	12	False
39	1	11	0	2019-04-05	0	12	False
40	1	11	0	2019-04-05	0	12	False
41	1	11	0	2019-04-05	0	12	False
42	1	11	0	2019-04-05	0	12	False
43	1	11	1	2019-04-05	3	-3	False
44	1	11	1	2019-04-05	0	0	True
45	1	11	1	2019-04-05	3	-3	False
46	1	11	1	2019-04-08	0	0	True
47	1	11	3	2019-04-09	6	4	False
48	1	287	3	2019-04-09	0	10	False
49	1	287	3	2019-04-09	5	5	False
50	1	288	3	2019-04-09	7	3	False
51	1	289	3	2019-04-09	4	6	False
52	1	291	3	2019-04-09	7	3	False
53	1	11	3	2019-04-09	5	5	False
54	1	11	3	2019-04-09	5	5	False
55	1	11	0	2019-04-09	2	8	False
56	1	11	1	2019-04-09	12	0	True
57	1	11	1	2019-04-09	0	0	True
58	1	11	2	2019-04-10	4	6	False
59	1	11	3	2019-04-22	3	7	False
60	1	11	3	2019-04-22	4	6	False
61	1	11	3	2019-04-22	3	7	False
62	1	11	3	2019-04-22	2	8	False
63	1	11	3	2019-04-22	3	7	False
64	1	11	3	2019-04-22	1	9	False
65	1	11	3	2019-04-22	3	7	False
66	1	11	3	2019-04-22	2	8	False
67	1	11	3	2019-04-22	5	5	False
68	1	11	3	2019-04-23	0	10	False
69	1	11	3	2019-04-23	0	10	False
70	1	11	3	2019-04-23	2	8	False
71	1	11	3	2019-04-23	2	8	False
72	1	11	3	2019-04-23	5	5	False
73	1	11	3	2019-04-23	2	8	False
74	1	11	3	2019-04-23	2	8	False
75	1	11	3	2019-04-23	2	8	False
76	1	11	3	2019-04-23	2	8	False
77	1	11	3	2019-04-23	3	7	False
78	1	11	3	2019-04-23	1	9	False
79	1	11	3	2019-04-23	1	9	False
80	1	11	3	2019-04-23	2	8	False
81	1	11	3	2019-04-23	2	8	False
82	1	11	3	2019-04-23	1	9	False
83	1	11	3	2019-04-23	1	9	False
84	1	11	3	2019-04-23	3	7	False
85	1	11	3	2019-04-23	2	8	False
86	1	11	3	2019-04-23	2	8	False
87	1	11	3	2019-04-23	2	8	False
88	1	11	3	2019-04-23	2	8	False
89	1	11	3	2019-04-23	2	8	False
90	1	11	3	2019-04-23	1	9	False
91	1	11	3	2019-04-23	2	8	False
92	1	11	3	2019-04-23	1	9	False
93	1	11	3	2019-04-23	2	8	False
94	1	11	3	2019-04-23	0	10	False
95	1	11	3	2019-04-23	0	10	False
96	1	11	3	2019-04-23	3	7	False
97	1	11	3	2019-04-23	1	9	False
98	1	11	3	2019-04-23	1	9	False
99	1	11	3	2019-04-23	1	9	False
132	1	11	3	2019-04-23	0	10	False
133	1	11	1	2019-04-23	7	3	False
134	1	493	3	2019-04-23	0	10	False
135	1	493	3	2019-04-23	0	10	False
136	1	11	2	2019-05-22	0	10	False
137	1	534	0	2019-05-22	0	10	False
138	1	534	0	2019-05-22	0	10	False
139	1	534	0	2019-05-22	0	10	False
140	1	534	0	2019-05-22	0	10	False
141	1	534	0	2019-05-22	0	10	False
142	1	534	0	2019-05-22	0	10	False
143	1	539	0	2019-05-22	0	10	False
144	1	541	3	2019-05-22	0	10	False
145	1	542	3	2019-05-22	0	10	False
146	1	543	2	2019-05-22	0	10	False
147	1	544	3	2019-05-22	0	10	False
148	1	544	3	2019-05-22	0	10	False
149	1	545	1	2019-05-22	0	10	False
150	1	546	3	2019-05-22	0	10	False
151	1	11	3	2019-05-22	0	10	False
152	1	11	3	2019-05-22	0	10	False
153	1	11	3	2019-05-22	0	10	False
154	1	11	3	2019-05-22	0	10	False
155	1	11	1	2019-05-22	0	10	False
156	1	11	3	2019-05-22	0	10	False
157	1	11	3	2019-05-22	0	10	False
158	1	593	2	2019-05-22	1	9	False
160	1	11	1	2019-05-22	3	7	False
161	1	11	1	2019-05-22	0	0	True
162	1	11	2	2019-05-22	0	10	False
